      (0,0,0,0): 0.947909, 0.941916, 0.946184, 0.954928, 0.965066, 0.973525,
      (0,0,0,6): 0.971481, 0.972079, 0.975829, 0.972079, 0.971481, 0.973525,
      (0,0,0,12): 0.965066, 0.954928, 0.946184, 0.941916, 0.947909,
      (0,0,1,0): 0.941916, 0.938421, 0.948465, 0.96482, 0.982884, 1.01226,
      (0,0,1,6): 0.987553, 0.987583, 1.01258, 0.987583, 0.987553, 1.01226,
      (0,0,1,12): 0.982884, 0.96482, 0.948465, 0.938421, 0.941916,
      (0,0,2,0): 0.946184, 0.948465, 0.973425, 1.01803, 1.03689, 0, 1.02825,
      (0,0,2,7): 1.02657, 0, 1.02657, 1.02825, 0, 1.03689, 1.01803, 0.973425,
      (0,0,2,15): 0.948465, 0.946184,
      (0,0,3,0): 0.954928, 0.96482, 1.01803, 0, 1.05184, 1.04563, 1.00855,
      (0,0,3,7): 1.00536, 1.0326, 1.00536, 1.00855, 1.04563, 1.05184, 0,
      (0,0,3,14): 1.01803, 0.96482, 0.954928,
      (0,0,4,0): 0.965066, 0.982884, 1.03689, 1.05184, 1.03154, 1.04561,
      (0,0,4,6): 1.01096, 1.00804, 1.03575, 1.00804, 1.01096, 1.04561,
      (0,0,4,12): 1.03154, 1.05184, 1.03689, 0.982884, 0.965066,
      (0,0,5,0): 0.973525, 1.01226, 0, 1.04563, 1.04561, 0, 1.03867, 1.03729,
      (0,0,5,8): 0, 1.03729, 1.03867, 0, 1.04561, 1.04563, 0, 1.01226,
      (0,0,5,16): 0.973525,
      (0,0,6,0): 0.971481, 0.987553, 1.02825, 1.00855, 1.01096, 1.03867,
      (0,0,6,6): 1.00986, 1.00918, 1.03683, 1.00918, 1.00986, 1.03867,
      (0,0,6,12): 1.01096, 1.00855, 1.02825, 0.987553, 0.971481,
      (0,0,7,0): 0.972079, 0.987583, 1.02657, 1.00536, 1.00804, 1.03729,
      (0,0,7,6): 1.00918, 1.00895, 1.03707, 1.00895, 1.00918, 1.03729,
      (0,0,7,12): 1.00804, 1.00536, 1.02657, 0.987583, 0.972079,
      (0,0,8,0): 0.975829, 1.01258, 0, 1.0326, 1.03575, 0, 1.03683, 1.03707,
      (0,0,8,8): 0, 1.03707, 1.03683, 0, 1.03575, 1.0326, 0, 1.01258,
      (0,0,8,16): 0.975829,
      (0,0,9,0): 0.972079, 0.987583, 1.02657, 1.00536, 1.00804, 1.03729,
      (0,0,9,6): 1.00918, 1.00895, 1.03707, 1.00895, 1.00918, 1.03729,
      (0,0,9,12): 1.00804, 1.00536, 1.02657, 0.987583, 0.972079,
      (0,0,10,0): 0.971481, 0.987553, 1.02825, 1.00855, 1.01096, 1.03867,
      (0,0,10,6): 1.00986, 1.00918, 1.03683, 1.00918, 1.00986, 1.03867,
      (0,0,10,12): 1.01096, 1.00855, 1.02825, 0.987553, 0.971481,
      (0,0,11,0): 0.973525, 1.01226, 0, 1.04563, 1.04561, 0, 1.03867,
      (0,0,11,7): 1.03729, 0, 1.03729, 1.03867, 0, 1.04561, 1.04563, 0,
      (0,0,11,15): 1.01226, 0.973525,
      (0,0,12,0): 0.965066, 0.982884, 1.03689, 1.05184, 1.03154, 1.04561,
      (0,0,12,6): 1.01096, 1.00804, 1.03575, 1.00804, 1.01096, 1.04561,
      (0,0,12,12): 1.03154, 1.05184, 1.03689, 0.982884, 0.965066,
      (0,0,13,0): 0.954928, 0.96482, 1.01803, 0, 1.05184, 1.04563, 1.00855,
      (0,0,13,7): 1.00536, 1.0326, 1.00536, 1.00855, 1.04563, 1.05184, 0,
      (0,0,13,14): 1.01803, 0.96482, 0.954928,
      (0,0,14,0): 0.946184, 0.948465, 0.973425, 1.01803, 1.03689, 0, 1.02825,
      (0,0,14,7): 1.02657, 0, 1.02657, 1.02825, 0, 1.03689, 1.01803,
      (0,0,14,14): 0.973425, 0.948465, 0.946184,
      (0,0,15,0): 0.941916, 0.938421, 0.948465, 0.96482, 0.982884, 1.01226,
      (0,0,15,6): 0.987553, 0.987583, 1.01258, 0.987583, 0.987553, 1.01226,
      (0,0,15,12): 0.982884, 0.96482, 0.948465, 0.938421, 0.941916,
      (0,0,16,0): 0.947909, 0.941916, 0.946184, 0.954928, 0.965066, 0.973525,
      (0,0,16,6): 0.971481, 0.972079, 0.975829, 0.972079, 0.971481, 0.973525,
      (0,0,16,12): 0.965066, 0.954928, 0.946184, 0.941916, 0.947909,